6845.50
6898.82
6901.42
6844.55
6896.24
6900.44
6913.25
6893.47
6905.74
6903.60
6920.21
6888.76
6929.94
6936.02
6945.77
6921.60
6932.05
6904.91
6937.32
6904.91
6909.79
6872.41
6910.88
6868.81
6878.49
6865.21
6882.03
6855.74
6834.50
6792.62
6840.02
6792.62
6774.76
6778.06
6816.13
6758.50
6721.43
6802.88
6812.26
6720.43
6800.26
6800.12
6819.27
6759.74
6816.51
6860.19
6861.59
6801.49
6827.41
6886.85
6899.85
6801.79
6901.00
6861.30
6903.46
6833.45
6886.68
6833.49
6900.67
6824.69
6840.51
6840.61
6864.92
6837.43
6846.51
6875.20
6878.27
6827.19
6870.40
6866.32
6895.78
6858.29
6857.12
6866.47
6866.47
6827.12
6849.72
6815.29
6862.42
6810.43
6829.37
6830.96
6851.55
6806.71
6812.63
6812.30
6843.65
6799.94
6849.09
6822.52
6850.86
6819.75
6812.61
6793.55
6831.44
6783.87
6765.88
6697.03
6776.40
6659.98
6705.12
6636.54
6715.75
6630.70
6602.99
6555.77
6660.05
6521.92
6538.76
6737.93
6770.35
6534.05
6642.16
6625.84
6689.75
6603.50
6617.32
6641.19
6666.63
6574.32
6672.41
6713.61
6754.50
6638.90
6734.11
6672.14
6774.31
6646.87
6737.49
6826.47
6828.05
6724.72
6850.92
6867.77
6869.91
6829.62
6846.61
6815.64
6855.13
6806.87
6832.43
6785.36
6841.32
6770.56
6728.80
6696.18
6730.11
6631.44
6720.32
6787.59
6796.68
6707.51
6796.29
6769.77
6829.78
6763.11
6771.55
6788.52
6820.21
6766.71
6851.97
6882.32
6882.32
6820.62
6840.20
6879.17
6879.17
6814.26
6822.34
6860.50
6880.75
6820.69
6890.59
6910.95
6920.34
6851.91
6890.89
6897.74
6911.30
6870.73
6875.16
6845.46
6877.28
6843.94
6791.69
6772.07
6807.11
6772.07
6738.44
6703.65
6749.53
6700.14
6699.40
6741.34
6741.75
6655.69
6735.35
6736.75
6752.16
6722.03
6735.13
6690.05
6744.35
6690.05
6664.01
6613.27
6678.88
6603.76
6629.07
6689.02
6709.34
6593.99
6671.06
6688.27
6724.12
6612.11
6644.31
6602.49
6680.70
6555.07
6654.72
6622.53
6668.68
6620.71
6552.51
6740.49
6762.40
6550.78
6735.11
6760.50
6764.58
6716.17
6753.72
6723.87
6755.64
6718.09
6714.59
6746.14
6754.49
6699.96
6740.28
6733.86
6749.52
6717.78
6715.79
6722.14
6750.87
6705.67
6715.35
6731.31
6731.94
6693.23
6711.20
6664.92
6718.48
6656.20
6688.46
6656.19
6691.25
6641.00
6661.21
6661.58
6677.31
6644.49
6643.70
6615.38
6648.97
6604.43
6604.72
6608.19
6619.00
6569.22
6637.97
6669.79
6672.66
6621.76
6656.92
6692.44
6699.52
6645.58
6693.75
6654.28
6698.88
6648.07
6664.36
6647.11
6671.82
6630.31
6631.96
6626.85
6656.80
6611.89
6600.35
6604.87
6624.39
6551.15
6606.76
6624.13
6626.99
6600.11
6615.28
6603.49
6619.62
6602.07
6584.29
6590.66
6600.21
6579.49
6587.47
6554.41
6592.89
6545.80
6532.04
6550.29
6555.97
6516.34
6512.61
6503.33
6518.23
6483.08
6495.15
6498.09
6508.67
6483.29
6481.50
6529.08
6532.65
6443.98
6502.08
6456.60
6502.54
6445.98
6448.26
6445.82
6453.67
6416.17
6415.54
6401.51
6416.54
6360.58
6460.26
6489.28
6491.76
6444.57
6501.86
6483.84
6508.23
6466.96
6481.40
6462.26
6487.06
6457.84
6465.94
6435.49
6468.37
6429.21
6439.32
6457.67
6466.89
6438.06
6466.91
6384.59
6478.89
6384.59
6370.17
6380.83
6393.65
6352.71
6395.78
6406.62
6408.40
6343.86
6411.37
6446.24
6456.48
6400.22
6449.15
6445.02
6455.35
6437.70
6449.80
6477.38
6481.34
6441.85
6468.54
6453.46
6473.92
6441.07
6466.58
6462.67
6480.28
6445.02
6445.76
6395.17
6446.55
6385.76
6373.45
6389.67
6407.25
6364.06
6389.45
6355.22
6395.16
6355.22
6340.00
6374.32
6389.71
6310.32
6345.06
6309.30
6352.83
6301.11
6299.19
6336.63
6346.00
6289.37
6329.94
6271.71
6330.69
6271.71
6238.01
6287.28
6287.28
6212.69
6339.39
6427.02
6427.02
6327.64
6362.90
6381.23
6396.54
6336.38
6370.86
6405.62
6409.26
6363.92
6389.77
6397.69
6401.07
6375.79
6388.64
6370.01
6395.82
6368.53
6363.35
6368.60
6381.31
6360.57
6358.91
6326.90
6360.64
6317.49
6309.62
6306.60
6316.12
6281.71
6305.60
6304.74
6336.08
6303.79
6296.79
6312.95
6315.61
6285.27
6297.36
6263.40
6304.69
6262.27
6263.70
6254.50
6268.12
6201.59
6243.76
6295.29
6302.04
6241.68
6268.56
6255.15
6273.31
6239.22
6259.75
6255.68
6269.44
6237.60
6280.46
6266.80
6290.22
6251.44
6263.26
6243.33
6269.16
6231.43
6225.52
6234.03
6242.70
6217.75
6229.98
6259.04
6262.07
6201.00
6279.35
6246.46
6284.65
6246.46
6227.42
6193.88
6227.60
6188.29
6198.01
6187.25
6210.78
6177.97
6204.95
6193.36
6215.08
6174.97
6173.07
6150.70
6187.68
6132.35
6141.02
6112.09
6146.52
6107.27
6092.16
6104.23
6108.51
6080.09
6092.18
6061.21
6101.76
6059.25
6025.17
5969.67
6028.77
5943.23
5967.84
5999.67
6018.20
5952.56
5980.87
5987.93
6018.25
5971.89
5982.72
6012.15
6023.25
5974.80
6033.11
6004.00
6050.83
6004.00
5976.97
6000.56
6026.16
5963.21
6045.26
6009.90
6045.43
6003.88
6022.24
6049.38
6059.40
6002.32
6038.81
6009.91
6043.01
6000.28
6005.88
6004.63
6021.31
5994.18
6000.36
5987.06
6016.87
5978.63
5939.30
5985.67
5999.70
5921.20
5970.81
5978.94
5990.48
5966.11
5970.37
5938.56
5981.35
5929.00
5935.94
5896.68
5937.40
5861.43
5911.69
5903.67
5922.14
5843.66
5912.17
5939.96
5943.13
5873.80
5888.55
5925.54
5939.92
5881.88
5921.54
5854.07
5924.33
5854.07
5802.82
5781.89
5829.51
5767.41
5842.01
5841.26
5878.08
5825.82
5844.61
5910.18
5938.37
5830.91
5940.46
5944.66
5953.06
5909.26
5963.60
5902.88
5968.61
5895.69
5958.38
5929.09
5958.62
5907.36
5916.93
5869.82
5924.21
5865.16
5892.58
5896.74
5906.55
5872.11
5886.55
5854.15
5906.64
5845.02
5844.19
5807.20
5845.37
5786.08
5659.91
5679.65
5691.69
5644.15
5663.94
5663.60
5720.10
5635.38
5631.28
5614.18
5654.73
5578.64
5606.91
5605.87
5649.58
5586.04
5650.38
5655.32
5683.38
5634.48
5686.67
5645.88
5700.70
5642.28
5604.14
5625.14
5658.91
5597.35
5569.06
5499.44
5581.84
5433.24
5560.83
5508.87
5571.95
5505.70
5528.75
5529.22
5553.66
5468.64
5525.21
5489.73
5528.11
5455.86
5484.77
5381.38
5489.40
5371.96
5375.86
5395.92
5469.69
5356.17
5287.76
5207.67
5309.61
5207.67
5158.20
5232.94
5232.94
5101.63
5282.70
5305.45
5328.31
5255.58
5275.70
5335.75
5367.24
5220.79
5396.63
5411.99
5450.41
5386.44
5405.97
5441.96
5459.46
5358.02
5363.36
5255.56
5381.46
5220.77
5268.05
5353.15
5353.15
5115.27
5456.90
4965.28
5481.34
4948.43
4982.77
5193.57
5267.47
4910.42
5062.25
4953.79
5246.57
4835.04
5074.08
5292.14
5292.14
5069.90
5396.52
5492.74
5499.53
5390.83
5670.97
5580.76
5695.31
5571.48
5633.07
5597.53
5650.57
5558.52
5611.85
5527.91
5627.56
5488.73
5580.94
5679.20
5685.89
5572.42
5693.31
5695.64
5732.28
5670.94
5712.20
5771.66
5783.62
5694.41
5776.65
5775.96
5786.95
5760.42
5767.57
5718.08
5775.14
5718.08
5667.56
5630.73
5670.84
5603.10
5662.89
5646.92
5711.15
5632.33
5675.29
5632.37
5715.33
5622.20
5614.66
5654.53
5654.53
5597.76
5675.12
5635.60
5703.52
5631.12
5638.94
5563.85
5645.27
5563.85
5521.52
5594.45
5597.78
5504.65
5599.30
5624.84
5642.19
5546.09
5572.07
5603.65
5636.30
5528.41
5614.56
5705.37
5705.37
5564.02
5770.20
5726.01
5783.01
5666.29
5738.52
5785.87
5812.08
5711.64
5842.63
5781.36
5860.59
5742.35
5778.15
5811.98
5865.08
5732.59
5849.72
5968.33
5986.09
5810.91
5954.50
5856.74
5959.40
5837.66
5861.57
5981.88
5993.69
5858.78
5956.06
5970.87
6009.82
5932.69
5955.25
5982.73
5992.65
5908.49
5983.25
6026.69
6043.65
5977.83
6013.13
6114.10
6114.82
6008.56
6117.52
6134.50
6134.50
6084.59
6144.15
6117.76
6147.43
6111.15
6129.58
6121.60
6129.63
6099.51
6114.63
6115.52
6127.47
6107.62
6115.07
6060.59
6116.91
6050.95
6051.97
6025.08
6063.00
6003.00
6068.50
6049.32
6076.28
6042.34
6066.44
6046.40
6073.38
6044.84
6025.99
6083.13
6101.28
6019.96
6083.57
6072.22
6084.03
6046.83
6061.48
6020.45
6062.86
6007.06
6037.88
5998.14
6042.48
5990.87
5994.57
5969.65
6022.13
5923.93
6040.53
6096.79
6120.91
6030.93
6071.17
6050.75
6086.64
6027.46
6039.31
6057.70
6062.83
6012.96
6067.70
6026.97
6074.54
5994.63
6012.28
5969.04
6017.17
5962.92
6101.24
6121.43
6128.18
6088.74
6118.71
6076.32
6118.73
6074.67
6086.37
6081.39
6100.81
6076.13
6049.24
6014.12
6051.51
6006.88
5996.66
5995.40
6014.96
5978.44
5937.34
5963.61
5964.69
5930.72
5949.91
5905.21
5960.61
5905.21
5842.91
5859.27
5871.92
5805.42
5836.22
5782.02
5838.61
5773.31
5827.04
5890.35
5890.35
5807.78
5918.25
5910.66
5927.89
5874.78
5909.03
5993.26
6000.68
5890.68
5975.38
5982.81
6021.04
5960.01
5942.47
5891.07
5949.34
5888.66
5868.55
5903.26
5935.09
5829.53
5881.63
5919.74
5929.74
5868.86
5906.94
5920.67
5940.79
5869.16
5970.84
6006.17
6006.17
5932.95
6037.59
6024.97
6049.75
6007.37
6040.04
5984.63
6040.10
5981.44
5974.07
5940.25
5978.25
5902.57
5930.85
5842.00
5982.06
5832.30
5867.08
5912.71
5935.52
5866.07
5872.16
6047.65
6070.67
5867.79
6050.61
6052.55
6057.68
6035.19
6074.08
6063.79
6085.19
6059.14
6051.09
6068.17
6078.58
6035.77
6051.25
6074.29
6079.68
6051.25
6084.19
6060.15
6092.59
6060.15
6034.91
6057.59
6065.40
6029.89
6052.85
6083.01
6088.51
6048.63
6090.27
6081.38
6099.97
6079.98
6075.11
6089.03
6094.55
6072.90
6086.49
6069.39
6089.84
6061.06
6049.88
6042.97
6052.07
6033.39
6047.15
6040.11
6053.58
6035.33
6032.38
6003.98
6044.17
6003.98
5998.74
6014.11
6020.16
5984.87
6021.63
6000.03
6025.42
5992.27
5987.37
5992.28
6020.75
5963.91
5969.34
5944.36
5972.90
5944.36
5948.71
5940.58
5963.32
5887.26
5917.11
5914.34
5920.67
5860.56
5916.98
5870.05
5923.51
5855.29
5893.62
5874.17
5908.12
5865.95
5870.62
5912.79
5915.32
5853.01
5949.17
5989.68
5993.88
5942.28
5985.38
5985.75
6008.19
5965.91
5983.99
6003.60
6009.92
5960.08
6001.35
6008.86
6017.31
5986.69
5995.54
5976.76
6012.45
5976.76
5973.10
5947.21
5983.84
5947.21
5929.04
5864.89
5936.14
5864.89
5782.76
5722.43
5783.44
5722.10
5712.69
5725.15
5741.43
5696.51
5728.80
5723.22
5772.52
5723.22
5705.45
5775.34
5775.34
5702.86
5813.67
5832.65
5850.94
5811.28
5832.92
5819.68
5847.19
5802.17
5823.52
5833.93
5842.92
5823.08
5808.12
5826.75
5862.82
5799.98
5809.86
5817.80
5817.80
5784.92
5797.42
5834.50
5834.85
5762.41
5851.20
5832.70
5863.04
5821.17
5853.98
5857.82
5866.92
5824.79
5864.67
5859.43
5872.17
5846.11
5841.47
5875.62
5878.46
5840.25
5842.47
5816.58
5846.52
5808.34
5815.26
5866.74
5870.36
5804.48
5859.85
5829.81
5871.41
5829.57
5815.03
5775.09
5822.13
5775.09
5780.05
5778.36
5795.03
5764.76
5792.04
5751.80
5796.80
5745.02
5751.13
5719.14
5757.60
5714.56
5695.94
5737.80
5739.34
5686.85
5751.07
5737.48
5753.21
5702.83
5699.94
5698.19
5718.78
5677.37
5709.54
5698.14
5719.63
5674.00
5708.75
5757.73
5757.73
5681.28
5762.48
5726.52
5765.14
5703.53
5738.17
5755.36
5763.78
5727.34
5745.37
5762.22
5767.37
5721.01
5722.26
5733.65
5741.03
5712.06
5732.93
5727.66
5735.32
5698.99
5718.57
5711.90
5725.36
5704.22
5702.55
5709.64
5715.14
5674.49
5713.64
5702.63
5733.57
5686.42
5618.26
5641.68
5689.75
5615.08
5634.58
5655.51
5670.81
5614.05
5633.09
5615.21
5636.05
5604.53
5626.02
5603.34
5636.27
5601.65
5595.76
5557.48
5600.71
5535.50
5554.13
5496.42
5560.41
5406.96
5495.52
5490.51
5497.91
5441.72
5471.05
5442.07
5484.20
5434.49
5408.42
5507.33
5522.47
5402.62
5503.41
5520.08
5546.30
5480.54
5520.07
5506.68
5552.99
5503.66
5528.93
5623.89
5623.89
5504.33
5648.40
5612.74
5651.37
5581.79
5591.96
5607.30
5646.95
5583.71
5592.18
5624.51
5627.03
5560.95
5625.80
5602.89
5631.18
5593.48
5616.84
5639.66
5651.62
5602.34
5634.61
5602.49
5641.82
5585.16
5570.64
5637.77
5643.22
5560.95
5620.85
5603.09
5632.68
5591.57
5597.12
5602.88
5620.51
5585.50
5608.25
5557.23
5608.30
5550.74
5554.25
5530.50
5561.98
5525.17
5543.22
5501.13
5546.23
5501.13
5455.21
5442.36
5463.22
5415.91
5434.43
5376.98
5436.50
5376.98
5344.39
5351.88
5371.20
5324.37
5344.16
5314.66
5358.67
5300.84
5319.31
5252.57
5328.03
5233.85
5199.50
5293.13
5330.64
5195.54
5240.03
5206.42
5312.34
5193.56
5186.33
5151.14
5250.89
5119.26
5346.56
5376.63
5383.89
5302.03
5446.68
5537.84
5566.16
5410.42
5522.30
5505.59
5551.51
5493.75
5436.44
5478.73
5489.46
5401.70
5463.54
5476.55
5487.74
5444.44
5459.10
5433.67
5488.32
5430.70
5399.22
5428.70
5491.59
5390.95
5427.13
5505.84
5508.04
5419.98
5555.74
5565.30
5585.34
5550.90
5564.41
5544.54
5570.36
5529.04
5505.00
5543.37
5557.50
5497.04
5544.59
5608.56
5614.05
5522.81
5588.27
5610.07
5622.49
5584.81
5667.20
5644.09
5669.67
5639.02
5631.22
5638.16
5666.94
5614.75
5615.35
5590.76
5655.56
5590.44
5584.54
5635.21
5642.45
5576.53
5633.91
5591.26
5635.39
5586.44
5576.98
5584.24
5590.75
5574.57
5572.85
5572.75
5583.11
5562.51
5567.19
5537.91
5570.33
5531.63
5537.02
5507.44
5539.27
5507.42
5509.01
5461.84
5509.69
5458.43
5475.09
5471.08
5479.55
5446.53
5460.48
5488.48
5523.64
5451.12
5482.87
5473.59
5490.81
5467.54
5477.90
5460.71
5483.14
5451.87
5469.30
5460.73
5472.88
5446.56
5447.87
5459.58
5490.66
5447.59
5464.62
5466.77
5478.31
5452.03
5473.17
5499.99
5505.53
5455.56
5487.03
5476.15
5490.38
5471.32
5473.23
5431.11
5488.50
5420.40
5431.60
5424.08
5432.39
5403.75
5433.74
5441.93
5441.93
5402.51
5421.03
5409.13
5447.25
5409.13
5375.32
5353.00
5375.95
5327.25
5360.79
5341.22
5365.79
5331.52
5346.99
5343.81
5375.08
5331.33
5352.96
5357.80
5362.35
5335.36
5354.03
5314.48
5354.16
5297.64
5291.34
5278.24
5298.80
5257.63
5283.40
5297.15
5302.11
5234.32
5277.51
5243.21
5280.33
5191.68
5235.48
5259.77
5260.21
5222.10
5266.95
5278.73
5282.27
5262.70
5306.04
5315.91
5315.91
5280.89
5304.72
5281.45
5311.65
5278.39
5267.84
5340.26
5341.88
5256.93
5307.01
5319.28
5323.18
5286.01
5321.41
5298.69
5324.32
5297.87
5308.13
5305.35
5325.32
5302.40
5303.27
5303.10
5305.45
5283.59
5297.10
5310.07
5325.49
5296.19
5308.15
5263.26
5311.76
5263.26
5246.68
5221.10
5250.37
5217.98
5221.42
5233.08
5237.26
5211.16
5222.68
5225.49
5239.66
5209.68
5214.08
5189.03
5215.30
5180.41
5187.67
5168.98
5191.95
5165.86
5187.70
5187.20
5200.23
5178.96
5180.74
5142.42
5181.00
5142.42
5127.79
5122.78
5139.12
5101.22
5064.20
5049.32
5073.21
5011.05
5018.39
5029.03
5096.12
5013.45
5035.69
5103.78
5110.83
5035.31
5116.17
5114.13
5123.49
5088.65
5099.96
5084.65
5114.62
5073.14
5048.42
5019.88
5057.75
4990.58
5071.63
5084.86
5089.48
5047.02
5070.55
5028.85
5076.12
5027.96
5010.60
4987.33
5038.84
4969.40
4967.23
5005.44
5019.02
4953.56
5011.12
5031.52
5056.66
5001.89
5022.21
5068.97
5077.96
5007.25
5051.41
5064.59
5079.84
5039.83
5061.82
5149.67
5168.43
5052.47
5123.41
5171.51
5175.03
5107.94
5199.06
5172.95
5211.78
5138.77
5160.64
5167.88
5178.43
5138.70
5209.91
5217.03
5224.81
5160.78
5202.39
5211.37
5219.57
5197.35
5204.34
5158.95
5222.18
5157.21
5147.21
5244.05
5256.59
5146.06
5211.49
5194.37
5228.75
5194.37
5205.81
5204.29
5208.34
5184.05
5243.77
5257.97
5263.95
5229.20
5254.35
5248.03
5264.85
5245.82
5248.49
5226.31
5249.26
5213.92
5203.58
5228.85
5235.16
5203.42
5218.19
5219.52
5229.09
5216.09
5234.18
5242.48
5246.09
5229.87
5241.53
5253.43
5261.10
5240.66
5224.62
5181.69
5226.19
5171.55
5178.51
5139.09
5180.31
5131.59
5149.42
5154.77
5175.60
5145.47
5117.09
5123.31
5136.86
5104.35
5150.48
5175.14
5176.85
5123.30
5165.31
5173.49
5179.14
5151.88
5175.27
5134.30
5179.87
5114.48
5117.94
5111.96
5124.66
5091.14
5123.69
5164.46
5189.26
5117.50
5157.36
5132.38
5165.62
5128.21
5104.76
5108.03
5127.97
5092.22
5078.65
5110.52
5114.54
5056.82
5130.95
5130.99
5149.67
5127.18
5137.08
5098.51
5140.33
5094.16
5096.27
5085.36
5104.99
5061.89
5069.76
5067.20
5077.37
5058.35
5078.18
5074.60
5080.69
5057.29
5069.53
5093.00
5097.66
5068.91
5088.80
5100.92
5111.06
5081.46
5087.03
5038.83
5094.39
5038.83
4981.80
4963.03
4983.21
4946.00
4975.51
4989.32
4993.71
4955.02
5005.57
5031.13
5038.70
4999.52
5029.73
5003.14
5032.72
4999.44
5000.62
4976.44
5002.52
4956.45
4953.17
4967.94
4971.30
4920.31
5021.84
5026.83
5048.39
5016.83
5026.61
5004.17
5030.06
5000.34
4997.91
4995.16
5000.40
4987.09
4995.06
4973.05
4999.89
4969.05
4954.23
4950.16
4957.77
4934.88
4942.81
4957.19
4957.19
4918.09
4958.61
4916.06
4975.29
4907.99
4906.19
4861.11
4906.97
4853.52
4845.65
4899.19
4906.75
4845.15
4924.97
4925.89
4931.09
4916.27
4927.93
4892.95
4929.31
4887.40
4890.97
4888.91
4906.69
4881.47
4894.16
4886.66
4898.15
4869.34
4868.55
4888.56
4903.68
4865.94
4864.60
4856.80
4866.48
4844.37
4850.43
4853.42
4868.41
4844.05
4839.81
4796.28
4842.07
4785.87
4780.94
4760.10
4785.79
4740.57
4739.21
4739.13
4744.23
4714.82
4765.98
4772.35
4782.34
4747.12
4783.83
4791.18
4802.40
4768.98
4780.24
4792.13
4798.50
4739.58
4783.45
4759.94
4790.80
4756.20
4756.50
4741.93
4765.47
4730.35
4763.54
4703.70
4764.54
4699.82
4697.24
4690.57
4721.49
4682.11
4688.68
4697.42
4726.78
4687.53
4704.81
4725.07
4729.29
4699.71
4742.83
4745.20
4754.33
4722.67
4769.83
4782.88
4788.43
4751.99
4783.35
4786.44
4793.30
4780.98
4781.58
4773.45
4785.39
4768.90
4774.75
4758.86
4784.72
4758.45
4754.63
4753.92
4772.94
4736.77
4746.75
4724.29
4748.71
4708.35
4698.35
4764.73
4778.01
4697.82
4768.37
4743.72
4768.69
4743.72
4740.56
4725.58
4749.52
4725.58
4719.19
4714.23
4725.53
4704.69
4719.55
4721.04
4738.57
4694.34
4707.09
4646.20
4709.69
4643.23
4643.70
4618.30
4643.93
4608.09
4622.44
4593.39
4623.71
4593.39
4604.37
4576.20
4609.23
4574.06
4585.59
4568.84
4590.92
4565.22
4549.34
4586.23
4590.74
4546.50
4567.18
4557.25
4578.56
4551.68
4569.78
4564.37
4572.37
4546.72
4594.63
4559.43
4599.39
4554.71
4567.80
4554.87
4569.89
4537.24
4550.58
4571.84
4587.64
4547.15
4554.89
4545.55
4568.14
4540.51
4550.43
4554.86
4560.52
4546.32
4559.34
4555.84
4560.31
4552.80
4556.62
4553.04
4568.43
4545.05
4538.19
4538.77
4542.14
4525.51
4547.38
4511.70
4557.11
4510.36
4514.02
4509.55
4520.12
4499.66
4508.24
4497.08
4511.99
4487.83
4502.88
4505.30
4521.17
4495.31
4495.70
4458.97
4508.67
4458.97
4411.55
4406.66
4421.76
4393.82
4415.24
4364.15
4418.03
4353.34
4347.35
4391.41
4393.40
4343.94
4382.78
4384.37
4391.20
4359.76
4378.38
4366.21
4386.26
4355.41
4365.98
4364.27
4372.21
4347.53
4358.34
4334.23
4373.62
4334.23
4317.78
4268.26
4319.72
4268.26
4237.86
4201.27
4245.64
4197.74
4193.80
4171.33
4195.55
4153.12
4166.82
4139.39
4177.47
4132.94
4117.37
4152.93
4156.70
4103.78
4137.23
4175.99
4183.60
4127.90
4186.77
4232.42
4232.42
4181.42
4247.68
4235.79
4259.38
4219.43
4217.04
4210.40
4255.84
4189.22
4224.16
4273.85
4276.56
4223.03
4278.00
4321.36
4339.54
4269.69
4314.60
4357.35
4364.20
4303.84
4373.20
4345.23
4393.57
4337.54
4373.63
4342.37
4383.33
4342.37
4327.78
4360.49
4377.10
4311.97
4349.61
4380.94
4385.85
4325.43
4376.95
4366.59
4378.64
4345.34
4358.24
4339.75
4385.46
4339.64
4335.66
4289.02
4341.73
4283.79
4308.50
4234.79
4324.10
4219.55
4258.19
4259.31
4267.13
4225.91
4263.75
4233.83
4268.50
4220.48
4229.45
4269.75
4281.15
4216.45
4288.39
4284.52
4300.58
4260.21
4288.05
4328.18
4333.15
4274.86
4299.70
4269.65
4317.27
4264.38
4274.51
4282.63
4292.07
4238.63
4273.53
4312.88
4313.01
4265.98
4337.44
4310.62
4338.51
4302.70
4320.06
4341.74
4357.40
4316.49
4330.00
4374.36
4375.70
4329.17
4402.20
4452.81
4461.03
4401.38
4443.95
4445.41
4449.85
4416.61
4453.53
4445.13
4466.36
4442.11
4450.32
4497.98
4497.98
4447.21
4505.10
4487.78
4511.99
4478.69
4467.44
4462.65
4479.39
4453.52
4461.90
4473.27
4487.11
4456.83
4487.46
4480.98
4490.77
4467.89
4457.49
4451.30
4473.53
4448.38
4451.14
4434.55
4457.81
4430.46
4465.48
4490.35
4490.35
4442.38
4496.83
4510.06
4514.29
4496.01
4515.77
4530.60
4541.25
4501.35
4507.66
4517.01
4532.26
4507.39
4514.87
4500.34
4521.65
4493.59
4497.63
4432.75
4500.14
4431.68
4433.31
4426.03
4439.56
4414.98
4405.71
4389.38
4418.46
4356.29
4376.31
4455.16
4458.30
4375.55
4436.01
4396.44
4443.18
4396.44
4387.55
4415.33
4418.59
4382.77
4399.77
4380.28
4407.55
4360.30
4369.71
4344.88
4381.82
4335.31
4370.36
4416.32
4421.17
4364.83
4404.33
4433.79
4449.95
4403.55
4437.86
4478.87
4478.87
4432.19
4489.72
4458.13
4490.33
4453.44
4464.05
4450.69
4476.23
4443.98
4468.83
4487.16
4527.37
4457.92
4467.71
4501.57
4502.44
4461.33
4499.38
4498.03
4503.31
4464.39
4518.44
4491.58
4519.84
4491.15
4478.03
4513.96
4540.34
4474.55
4501.89
4494.27
4519.49
4485.54
4513.39
4550.93
4550.93
4505.75
4576.73
4578.83
4584.62
4567.53
4588.96
4584.82
4594.22
4573.14
4582.23
4565.75
4590.16
4564.01
4537.41
4598.26
4607.07
4528.56
4566.75
4558.96
4582.47
4547.58
4567.46
4555.19
4580.62
4552.42
4554.64
4543.39
4563.41
4541.29
4536.34
4550.16
4555.00
4535.79
4534.87
4554.38
4564.74
4527.56
4565.72
4563.87
4578.43
4557.48
4554.98
4521.78
4562.30
4514.59
4522.79
4508.86
4532.85
4504.90
4505.42
4514.61
4527.76
4499.56
4510.04
4491.50
4517.38
4489.36
4472.16
4467.69
4488.34
4463.23
4439.26
4415.55
4443.64
4408.46
4409.53
4394.23
4412.60
4389.92
4398.95
4404.54
4440.39
4397.40
4411.59
4422.62
4422.62
4385.05
4446.82
4442.04
4454.06
4436.61
4455.59
4450.48
4456.46
4442.29
4450.38
4422.44
4458.48
4422.44
4396.44
4374.94
4398.39
4371.97
4376.86
4367.48
4390.35
4360.22
4378.41
4337.36
4384.42
4335.00
4328.82
4344.84
4362.06
4328.08
4348.33
4354.17
4366.55
4341.34
4381.89
4355.40
4382.25
4351.82
4365.69
4380.01
4386.22
4360.14
4388.71
4396.11
4400.15
4367.19
4409.59
4440.95
4448.47
4407.44
4425.84
4365.33
4439.20
4362.60
4372.59
4366.29
4391.82
4337.85
4369.01
4352.61
4375.37
4349.31
4338.93
4308.32
4340.13
4304.37
4298.86
4304.88
4322.62
4291.70
4293.93
4268.69
4298.01
4261.07
4267.52
4285.47
4299.19
4263.96
4283.85
4271.34
4288.33
4263.09
4273.79
4282.99
4299.28
4266.82
4282.37
4241.01
4290.67
4241.01
4221.02
4183.03
4232.43
4171.64
4179.83
4190.74
4195.44
4166.15
4205.52
4226.71
4231.10
4192.18
4205.45
4156.16
4212.87
4156.16
4151.28
4155.71
4165.74
4129.73
4115.24
4132.96
4132.96
4103.98
4145.58
4176.80
4185.68
4142.54
4192.63
4190.78
4209.22
4179.68
4191.98
4204.15
4212.91
4180.20
4198.05
4157.68
4202.20
4153.50
4158.77
4122.85
4164.67
4113.62
4109.90
4127.95
4135.54
4109.86
4136.28
4126.65
4141.25
4110.27
4124.08
4138.54
4143.74
4099.12
4130.62
4132.24
4132.80
4109.29
4137.64
4143.74
4154.28
4098.92
4119.17
4124.25
4130.35
4116.65
4138.12
4136.98
4142.30
4123.81
4136.25
4084.73
4147.02
4084.73
4061.22
4082.55
4082.61
4048.28
4090.75
4122.25
4148.30
4088.86
4119.58
4164.10
4164.10
4089.72
4167.87
4166.79
4186.92
4164.12
4169.48
4129.63
4170.06
4127.18
4135.35
4075.29
4138.24
4075.29
4055.99
4087.78
4089.67
4049.35
4071.63
4126.43
4126.43
4071.38
4137.04
4132.07
4142.41
4117.77
4133.52
4132.14
4138.02
4113.86
4129.79
4130.48
4148.57
4114.57
4154.52
4139.33
4162.57
4134.49
4154.87
4164.26
4169.48
4140.36
4151.32
4137.17
4151.72
4123.18
4137.64
4140.11
4163.19
4113.20
4146.22
4100.04
4150.26
4099.40
4091.95
4121.72
4134.37
4086.94
4108.94
4110.29
4124.26
4102.61
4109.11
4085.20
4109.50
4072.55
4105.02
4081.15
4107.32
4069.84
4090.38
4094.50
4099.69
4072.56
4100.60
4128.03
4133.13
4086.87
4124.51
4102.20
4127.66
4098.79
4109.31
4056.18
4110.75
4056.18
4050.83
4046.74
4057.85
4032.10
4027.81
3999.53
4030.59
3999.53
3971.27
3974.13
3979.20
3951.53
3977.53
3982.93
4003.83
3970.49
3970.99
3939.21
3972.74
3909.16
3948.72
3959.21
4007.66
3919.05
3936.97
4002.04
4039.49
3936.17
4002.87
3975.89
4009.08
3971.19
3951.57
3917.47
3956.62
3916.89
3916.64
3958.69
3958.91
3901.27
3960.28
3878.93
3964.46
3864.11
3891.93
3876.74
3894.26
3838.24
3919.29
3894.01
3937.29
3873.63
3855.76
3835.12
3905.05
3808.86
3861.59
3912.77
3934.05
3846.32
3918.32
3998.66
4017.81
3908.70
3992.01
3987.55
4000.41
3969.76
3986.37
4048.26
4050.00
3980.31
4048.42
4055.15
4078.49
4044.61
4045.64
3998.02
4048.29
3995.17
3981.35
3938.68
3990.84
3928.16
3951.39
3963.34
3971.73
3939.05
3970.15
3977.19
3997.50
3968.98
3982.24
3992.36
4018.05
3973.55
3970.04
3973.24
3978.25
3943.08
4012.32
4018.60
4028.30
3969.19
3991.05
4001.83
4017.37
3976.90
3997.34
4052.35
4052.35
3995.19
4079.09
4077.39
4081.51
4047.95
4090.41
4114.75
4136.54
4089.49
4147.60
4119.50
4148.11
4103.98
4136.13
4126.70
4159.77
4095.01
4137.29
4096.62
4138.90
4092.67
4090.46
4068.92
4094.36
4060.79
4081.50
4144.25
4156.23
4069.67
4117.86
4153.47
4156.85
4111.67
4164.00
4105.35
4176.54
4088.39
4111.08
4119.57
4124.63
4093.38
4136.48
4136.69
4182.36
4123.36
4179.76
4158.68
4195.44
4141.88
4119.21
4070.07
4148.95
4037.20
4076.60
4020.85
4077.16
4020.44
4017.77
4049.27
4063.85
4015.55
4070.56
4053.72
4094.21
4048.70
4060.43
4036.08
4061.57
4013.29
4016.22
3982.71
4019.55
3949.06
4016.95
4001.74
4023.92
3989.79
4019.81
3978.14
4039.31
3971.64
3972.61
3909.04
3972.96
3897.86
3898.85
3911.84
3922.94
3885.54
3928.86
4002.25
4014.16
3926.59
3990.97
3999.28
4015.39
3984.57
3999.09
3960.60
4003.95
3947.67
3983.17
3977.57
3997.76
3937.56
3969.61
3932.35
3970.07
3928.54
3919.25
3888.57
3919.83
3877.29
3892.09
3910.82
3950.57
3890.42
3895.08
3823.37
3906.19
3809.56
3808.10
3839.74
3839.74
3802.42
3852.97
3840.36
3873.16
3815.77
3824.14
3853.29
3878.46
3794.33
3839.50
3829.06
3839.85
3800.34
3849.28
3805.45
3858.19
3805.45
3783.22
3829.56
3848.32
3780.78
3829.25
3843.34
3846.65
3813.22
3844.82
3815.11
3845.80
3797.01
3822.39
3853.26
3853.26
3764.49
3878.44
3839.49
3889.82
3839.49
3821.62
3810.47
3838.24
3795.62
3817.66
3853.79
3854.86
3800.04
3852.36
3890.91
3890.91
3827.91
3895.75
3958.37
3958.37
3879.45
3995.32
4015.54
4053.76
3965.65
4019.65
4069.38
4100.96
3993.03
3990.56
3939.29
3990.71
3935.30
3934.38
3954.17
3977.02
3933.04
3963.51
3947.79
3974.19
3935.83
3933.92
3933.28
3957.57
3922.68
3941.26
3996.63
4001.51
3918.39
3998.84
4052.02
4052.45
3984.49
4071.70
4040.17
4080.48
4026.63
4076.57
4087.14
4100.51
4050.87
4080.11
3957.18
4080.11
3938.58
3957.63
3964.19
3976.77
3937.65
3963.94
4005.36
4012.27
3955.77
4026.12
4023.34
4034.02
4020.76
4027.26
4000.30
4033.78
3998.66
4003.58
3965.51
4005.88
3956.88
3949.94
3956.23
3962.00
3933.34
3965.34
3966.39
3979.89
3935.98
3946.56
3919.26
3954.33
3906.54
3958.79
3976.82
3983.09
3954.34
3991.73
4006.41
4028.84
3953.17
3957.25
3977.97
4008.97
3956.40
3992.93
3963.72
4001.48
3944.82
3956.37
3859.89
3958.33
3859.89
3748.57
3810.94
3818.20
3744.22
3828.11
3817.02
3859.40
3786.28
3806.80
3780.71
3813.95
3764.70
3770.55
3766.98
3796.34
3708.84
3719.89
3733.25
3750.59
3698.15
3759.69
3852.90
3894.44
3758.68
3856.10
3901.79
3911.79
3843.80
3871.98
3881.85
3893.73
3863.18
3901.06
3808.26
3905.42
3808.26
3807.30
3834.69
3859.95
3803.79
3830.60
3825.97
3886.15
3824.07
3859.11
3799.44
3862.85
3799.44
3797.34
3762.01
3810.74
3741.65
3752.75
3657.10
3757.89
3647.42
3665.78
3689.05
3736.00
3656.44
3695.16
3703.11
3728.58
3666.51
3719.98
3746.26
3762.79
3686.53
3677.95
3638.65
3689.73
3638.65
3583.07
3690.41
3712.00
3579.68
3669.91
3520.37
3685.41
3491.58
3577.03
3590.83
3608.34
3573.86
3588.84
3595.86
3640.66
3568.45
3612.39
3647.51
3652.17
3588.10
3639.66
3706.74
3706.74
3620.73
3744.52
3771.97
3797.93
3739.22
3783.28
3753.25
3806.91
3722.66
3790.93
3726.46
3791.92
3726.46
3678.43
3609.78
3698.35
3604.93
3585.62
3633.48
3671.44
3584.13
3640.47
3687.01
3687.01
3610.40
3719.04
3651.94
3736.74
3640.61
3647.29
3686.44
3717.53
3623.29
3655.04
3682.72
3715.67
3644.76
3693.23
3727.14
3727.14
3647.47
3757.99
3782.36
3790.90
3749.45
3789.93
3871.40
3907.07
3789.49
3855.93
3875.23
3876.01
3827.54
3899.89
3849.91
3900.45
3838.50
3873.33
3880.95
3880.95
3837.08
3901.35
3932.41
3959.14
3888.28
3946.01
3940.73
3961.94
3912.18
3932.69
4037.12
4037.12
3921.28
4110.41
4083.67
4119.28
4083.67
4067.36
4022.94
4076.81
4022.94
4006.18
3959.94
4010.50
3944.81
3979.87
3909.43
3987.89
3906.03
3908.19
3930.89
3942.55
3886.75
3924.26
3994.66
4018.43
3906.21
3966.85
3936.73
3970.23
3903.65
3955.00
4000.67
4015.37
3954.53
3986.16
4041.25
4044.98
3965.21
4030.61
4034.58
4062.99
4017.42
4057.66
4198.74
4203.04
4057.66
4199.12
4153.26
4200.54
4147.59
4140.77
4126.55
4156.56
4119.97
4128.73
4133.09
4159.77
4124.03
4137.99
4195.08
4195.08
4129.86
4228.48
4266.31
4266.31
4218.70
4283.74
4273.13
4292.53
4261.98
4274.04
4280.40
4302.18
4253.08
4305.20
4290.46
4325.28
4277.77
4297.14
4269.37
4301.79
4256.90
4280.15
4225.02
4280.47
4219.78
4207.27
4227.40
4257.91
4201.41
4210.24
4181.02
4211.03
4177.26
4122.47
4133.11
4137.30
4112.09
4140.06
4155.93
4186.62
4128.97
4145.19
4115.87
4151.58
4107.31
4151.94
4154.85
4161.29
4135.42
4155.17
4107.96
4167.66
4107.96
4091.19
4104.21
4140.47
4079.81
4118.63
4112.38
4144.95
4096.02
4130.29
4087.33
4140.15
4079.22
4072.43
4026.13
4078.95
3992.97
4023.61
3951.43
4039.56
3951.43
3921.05
3953.22
3953.22
3910.74
3966.84
3965.72
3975.30
3943.46
3961.63
3998.43
4012.44
3938.86
3998.95
3955.47
3999.29
3927.64
3959.90
3935.32
3974.13
3922.03
3936.69
3860.73
3939.81
3860.73
3830.85
3883.79
3902.44
3818.63
3863.16
3818.00
3863.62
3817.18
3790.38
3763.99
3796.41
3721.56
3801.78
3779.67
3829.44
3759.07
3818.80
3851.95
3873.41
3802.36
3854.43
3880.94
3880.94
3847.22
3899.38
3888.26
3918.50
3869.34
3902.62
3858.85
3910.63
3858.85
3845.08
3831.98
3870.91
3809.37
3831.39
3792.61
3832.19
3742.06
3825.33
3781.00
3829.82
3752.10
3785.38
3785.99
3818.99
3738.67
3818.83
3825.09
3836.50
3799.02
3821.55
3913.00
3945.86
3820.14
3900.11
3920.76
3927.72
3889.66
3911.74
3821.75
3913.65
3821.75
3795.73
3774.71
3802.58
3743.52
3759.89
3733.89
3801.79
3717.69
3764.79
3715.31
3779.65
3715.31
3674.84
3665.90
3707.71
3636.87
3666.77
3728.18
3728.18
3639.77
3789.99
3764.05
3837.56
3722.30
3735.48
3763.52
3778.18
3705.68
3749.63
3838.15
3838.15
3734.30
3900.86
3974.39
3974.39
3900.16
4017.82
4101.65
4119.10
4017.17
4115.77
4147.12
4160.14
4107.20
4160.68
4096.47
4164.86
4080.19
4121.43
4134.72
4168.78
4109.18
4108.54
4137.57
4142.67
4098.67
4176.82
4095.41
4177.51
4074.37
4101.23
4149.78
4166.54
4073.85
4132.15
4151.09
4168.34
4104.88
4158.24
4077.43
4158.49
4077.43
4057.84
3984.60
4075.14
3984.60
3978.73
3929.59
3999.33
3925.03
3941.48
3942.94
3955.68
3875.13
3973.75
3919.42
3981.88
3909.04
3901.36
3927.76
3943.42
3810.32
3900.79
3899.00
3945.96
3876.58
3923.68
4051.98
4051.98
3911.91
4088.85
4052.00
4090.72
4033.93
4008.01
4013.02
4046.46
3983.99
4023.89
3963.90
4038.88
3963.90
3930.08
3903.95
3964.80
3858.87
3935.18
3990.08
4049.09
3928.82
4001.05
4035.18
4068.82
3958.17
3991.24
4081.27
4081.27
3975.48
4123.34
4128.17
4157.69
4067.91
4146.87
4270.43
4270.43
4106.01
4300.17
4181.18
4307.66
4148.91
4175.48
4159.78
4200.10
4147.08
4155.38
4130.61
4169.81
4062.51
4131.93
4253.75
4269.68
4124.28
4287.50
4222.58
4308.45
4188.63
4183.96
4186.52
4240.71
4162.90
4175.20
4278.14
4278.14
4175.04
4296.12
4255.34
4299.02
4200.82
4271.78
4385.83
4385.83
4267.62
4393.66
4489.17
4512.94
4384.47
4459.45
4472.26
4488.29
4448.76
4462.21
4390.63
4471.03
4390.63
4391.69
4385.63
4410.31
4370.30
4392.59
4449.12
4460.46
4390.77
4446.59
4394.30
4453.92
4392.70
4397.45
4437.59
4471.00
4381.34
4412.53
4462.64
4464.35
4408.38
4488.28
4494.15
4520.41
4474.60
4500.21
4474.65
4521.16
4450.30
4481.15
4494.17
4503.94
4450.04
4525.12
4572.45
4593.45
4514.17
4582.64
4547.97
4583.50
4539.21
4545.86
4540.32
4548.70
4507.57
4530.41
4599.02
4603.07
4530.41
4602.45
4624.20
4627.77
4581.32
4631.60
4602.86
4637.30
4589.66
4575.52
4541.09
4575.65
4517.69
4543.06
4522.91
4546.03
4501.07
4520.16
4469.98
4520.58
4465.17
4456.24
4493.10
4501.07
4455.81
4511.61
4469.10
4522.00
4469.10
4461.18
4462.40
4481.75
4424.30
4463.12
4407.34
4465.40
4390.57
4411.67
4345.11
4412.67
4335.65
4357.86
4288.14
4358.90
4251.99
4262.45
4188.82
4271.05
4187.90
4173.11
4202.75
4247.57
4161.72
4204.31
4279.50
4291.01
4200.49
4259.52
4252.55
4268.28
4209.80
4277.88
4223.10
4299.40
4223.10
4170.70
4202.66
4276.94
4157.87
4201.09
4327.01
4327.01
4199.85
4328.87
4342.12
4342.12
4284.98
4363.49
4401.31
4416.78
4345.56
4386.54
4322.56
4401.48
4322.56
4306.26
4363.14
4378.45
4279.54
4373.94
4354.17
4388.84
4315.12
4384.65
4298.38
4385.34
4286.83
4288.70
4155.77
4294.73
4114.65
4225.50
4324.93
4341.51
4221.51
4304.76
4332.74
4362.12
4267.11
4348.87
4384.57
4394.60
4327.22
4380.26
4456.06
4456.06
4373.81
4475.01
4455.75
4489.55
4429.68
4471.07
4429.28
4472.77
4429.28
4401.67
4412.61
4426.22
4364.84
4418.64
4506.27
4526.33
4401.41
4504.10
4553.20
4588.90
4484.30
4587.20
4547.00
4590.00
4547.00
4521.50
4480.00
4531.30
4465.40
4483.90
4505.80
4521.90
4471.50
4500.50
4482.80
4539.70
4451.50
4477.40
4535.40
4542.90
4470.40
4589.40
4566.40
4595.30
4544.30
4546.50
4519.60
4550.50
4483.50
4515.60
4431.80
4516.90
4414.00
4431.90
4336.20
4432.70
4292.50
4326.50
4380.60
4428.70
4309.50
4349.90
4408.40
4453.20
4304.80
4356.40
4366.60
4411.00
4287.10
4410.10
4356.30
4417.40
4222.60
4397.90
4471.40
4494.50
4395.30
4482.70
4547.40
4602.10
4477.90
4532.80
4588.00
4611.60
4530.20
4577.10
4632.20
4632.20
4568.70
4662.90
4638.00
4665.10
4614.80
4659.00
4733.60
4744.10
4650.30
4726.40
4728.60
4748.80
4706.70
4713.10
4669.10
4714.10
4638.30
4670.30
4655.30
4673.00
4582.20
4677.00
4697.70
4707.90
4662.70
4696.10
4693.40
4725.00
4671.30
4700.60
4788.00
4797.70
4699.40
4793.50
4804.50
4818.60
4774.30
4796.60
4778.10
4796.60
4758.20
4766.20
4775.20
4786.80
4765.80
4778.70
4794.20
4808.90
4775.30
4793.10
4788.60
4804.10
4778.10
4786.40
4795.50
4807.00
4780.00
4791.20
4734.00
4791.50
4734.00
4725.80
4704.00
4740.70
4704.00
4696.60
4650.40
4697.70
4645.50
4649.20
4595.00
4651.10
4583.20
4568.00
4587.90
4587.90
4531.10
4620.60
4652.50
4666.70
4600.20
4668.70
4719.10
4732.00
4651.90
4709.90
4636.50
4712.60
4611.20
4634.10
4643.00
4660.50
4606.50
4669.00
4710.30
4710.30
4667.60
4712.00
4687.60
4713.60
4670.20
4667.40
4691.00
4695.30
4666.00
4701.20
4690.90
4705.10
4674.50
4686.80
4632.00
4694.00
4632.00
4591.70
4548.40
4612.60
4540.50
4538.40
4589.50
4608.00
4495.10
4577.10
4504.70
4595.50
4504.70
4513.00
4602.80
4652.90
4510.30
4567.00
4640.20
4646.00
4560.00
4655.30
4628.80
4672.90
4625.30
4594.60
4664.60
4664.60
4585.40
4701.50
4675.80
4702.90
4659.90
4690.70
4678.50
4699.40
4652.70
4682.90
4712.00
4743.80
4682.20
4698.00
4708.40
4717.80
4694.20
4704.50
4700.70
4708.80
4672.80
4688.70
4701.50
4701.50
4684.40
4700.90
4679.40
4714.90
4679.40
4682.80
4689.30
4697.40
4672.90
4682.90
4655.20
4688.50
4650.80
4649.30
4659.40
4664.60
4648.30
4646.70
4670.30
4684.90
4630.90
4685.20
4707.20
4708.50
4670.90
4701.70
4701.50
4714.90
4694.40
4697.50
4699.30
4718.50
4681.30
4680.10
4662.90
4683.00
4662.60
4660.60
4630.60
4663.50
4621.20
4630.60
4613.30
4635.10
4613.30
4613.70
4610.60
4620.30
4595.10
4605.40
4572.90
4608.10
4567.60
4596.40
4562.80
4597.60
4562.80
4551.70
4580.20
4584.60
4551.70
4574.80
4578.70
4598.50
4569.20
4566.50
4553.70
4572.60
4537.40
4544.90
4546.10
4559.70
4524.00
4549.80
4532.20
4551.40
4526.90
4536.20
4524.40
4540.90
4524.40
4519.60
4497.30
4520.40
4496.40
4486.50
4463.70
4488.80
4447.50
4471.40
4447.70
4475.80
4447.70
4438.30
4386.80
4439.70
4386.80
4363.80
4358.00
4372.90
4329.90
4350.60
4368.30
4374.90
4342.10
4361.20
4385.40
4415.90
4360.60
4391.30
4406.50
4412.00
4386.20
4399.80
4383.70
4430.00
4383.70
4363.60
4319.60
4365.60
4290.50
4345.70
4309.90
4369.20
4309.90
4300.50
4348.80
4355.50
4278.90
4357.00
4317.20
4375.20
4288.50
4307.50
4370.70
4382.60
4306.20
4359.50
4362.40
4385.60
4355.10
4352.60
4419.50
4419.50
4346.30
4443.10
4442.10
4457.30
4436.20
4455.50
4438.00
4463.10
4430.30
4449.00
4406.80
4465.40
4406.80
4395.60
4367.40
4416.80
4367.40
4354.20
4374.40
4394.90
4348.00
4357.70
4402.90
4402.90
4305.90
4433.00
4469.70
4471.50
4427.80
4473.80
4477.10
4485.90
4443.80
4480.70
4447.50
4486.90
4438.40
4443.10
4479.30
4485.70
4435.50
4468.70
4474.80
4493.00
4445.70
4458.60
4506.90
4520.50
4457.70
4493.30
4513.00
4529.90
4492.10
4514.10
4518.10
4521.80
4493.90
4520.00
4535.40
4535.40
4513.00
4535.40
4532.40
4541.40
4521.30
4536.90
4534.50
4545.90
4524.70
4524.10
4528.80
4537.10
4522.00
4522.70
4529.80
4531.40
4515.80
4528.80
4513.80
4537.40
4513.80
4509.40
4474.10
4513.30
4474.10
4470.00
4493.80
4495.90
4469.00
4496.20
4490.40
4501.70
4485.70
4486.20
4484.40
4492.80
4482.30
4479.50
4450.30
4489.90
4450.30
4441.70
4410.60
4444.40
4406.80
4405.80
4382.40
4418.60
4367.70
4400.30
4440.90
4454.30
4397.60
4448.10
4462.10
4462.10
4417.80
4479.70
4461.60
4480.30
4437.70
4468.00
4464.80
4468.40
4460.80
4460.80
4446.10
4461.80
4436.00
4447.70
4442.20
4449.40
4436.40
4436.80
4435.80
4445.20
4430.00
4432.40
4437.80
4439.40
4424.70
4436.50
4429.10
4440.80
4429.10
4429.10
4408.90
4429.80
4408.90
4402.70
4415.90
4416.20
4400.20
4423.10
4392.70
4423.80
4373.00
4387.20
4406.90
4422.20
4384.80
4395.30
4395.10
4412.20
4389.60
4419.10
4403.60
4430.00
4403.60
4400.60
4402.90
4415.50
4387.00
4401.50
4416.40
4416.40
4372.50
4422.30
4409.60
4422.70
4405.40
4411.80
4381.20
4415.20
4381.20
4367.50
4361.30
4369.90
4350.10
4358.70
4331.10
4359.70
4331.10
4323.10
4265.10
4336.80
4262.10
4258.50
4296.40
4296.40
4233.10
4327.20
4367.40
4375.10
4322.50
4360.00
4369.00
4369.00
4340.70
4374.30
4380.10
4393.70
4362.40
4369.20
4381.10
4392.40
4366.90
4384.60
4372.40
4386.70
4364.00
4369.60
4329.40
4371.60
4329.40
4320.80
4321.10
4330.90
4289.40
4358.10
4351.00
4361.90
4329.80
4343.50
4356.50
4356.50
4314.40
4352.30
4326.60
4355.40
4326.60
4319.90
4300.70
4320.70
4300.70
4297.50
4290.60
4302.40
4288.00
4291.80
4293.20
4300.50
4287.00
4290.60
4284.90
4292.10
4274.70
4280.70
4274.40
4286.10
4271.20
4266.50
4257.00
4271.30
4257.00
4241.80
4249.30
4256.60
4241.40
4246.40
4224.60
4255.80
4217.30
4224.80
4173.40
4226.20
4173.40
4166.40
4204.80
4204.80
4164.40
4221.90
4220.40
4232.30
4196.10
4223.70
4248.90
4251.90
4202.40
4246.60
4255.30
4257.20
4238.40
4255.10
4248.30
4255.60
4234.10
4247.40
4242.90
4248.40
4232.20
4239.20
4228.60
4249.70
4220.30
4219.60
4233.00
4237.10
4218.70
4227.30
4233.80
4236.70
4208.40
4226.50
4229.30
4232.30
4215.70
4229.90
4206.10
4233.40
4206.10
4192.90
4191.40
4204.40
4167.90
4208.10
4206.80
4217.40
4198.30
4202.00
4216.50
4234.10
4197.60
4204.10
4210.80
4218.40
4203.60
4200.90
4201.90
4213.40
4197.80
4196.00
4191.60
4202.60
4184.10
4188.10
4205.90
4213.40
4182.50
4197.10
4170.20
4209.50
4170.20
4155.90
4168.60
4188.70
4151.70
4159.10
4122.00
4172.80
4122.00
4115.70
4098.40
4116.90
4061.40
4127.80
4165.90
4169.10
4126.00
4163.30
4169.90
4171.90
4142.70
4173.90
4129.60
4183.10
4129.60
4112.50
4075.00
4131.60
4075.00
4063.00
4130.60
4134.70
4056.90
4152.10
4150.30
4162.00
4111.50
4188.40
4228.30
4236.40
4188.10
4232.60
4210.30
4238.00
4201.60
4201.60
4169.10
4202.70
4147.30
4167.60
4177.10
4187.70
4160.90
4164.70
4179.00
4179.00
4128.60
4192.70
4192.00
4209.40
4188.00
4181.20
4198.10
4198.10
4174.90
4211.50
4206.10
4218.80
4176.80
4183.20
4185.10
4201.50
4181.80
4186.70
4188.20
4193.40
4176.20
4187.60
4185.00
4194.20
4182.40
4180.20
4138.80
4194.20
4138.80
4135.00
4170.50
4179.60
4123.70
4173.40
4128.40
4175.00
4126.40
4134.90
4159.20
4159.20
4118.40
4163.30
4179.80
4180.80
4150.50
4185.50
4174.10
4191.30
4170.80
4170.40
4139.80
4173.50
4139.80
4124.70
4141.60
4151.70
4120.90
4141.60
4130.10
4148.00
4124.40
4128.00
4124.70
4131.80
4114.80
4128.80
4096.10
4129.50
4095.50
4097.20
4089.90
4098.20
4082.50
4079.90
4074.30
4083.10
4068.30
4073.90
4075.60
4086.20
4068.10
4077.90
4034.40
4083.40
4034.40
4019.90
3992.80
4020.60
3992.80
3972.90
3967.20
3994.40
3967.00
3958.60
3963.30
3968.00
3944.30
3971.10
3969.30
3981.80
3943.20
3974.50
3917.10
3978.20
3917.10
3909.50
3879.30
3919.50
3853.50
3889.10
3919.90
3942.10
3889.10
3910.50
3937.60
3949.10
3901.60
3940.60
3916.50
3955.30
3914.20
3913.10
3913.10
3930.10
3886.80
3915.50
3953.50
3969.60
3910.90
3974.10
3949.60
3983.90
3935.70
3962.70
3973.60
3981.00
3953.40
3968.90
3943.00
3970.10
3923.50
3943.30
3924.50
3945.00
3915.20
3939.30
3915.50
3960.30
3915.50
3898.80
3892.00
3917.30
3885.70
3875.40
3851.90
3903.80
3851.90
3821.30
3844.40
3881.10
3819.20
3841.90
3793.60
3851.70
3730.20
3768.50
3818.50
3843.70
3723.30
3819.70
3864.00
3874.50
3818.90
3870.30
3903.60
3906.40
3868.60
3901.80
3842.50
3914.50
3842.50
3811.20
3839.70
3861.10
3789.50
3829.30
3915.80
3925.00
3814.00
3925.40
3873.70
3928.70
3859.60
3881.40
3857.10
3896.00
3805.60
3876.50
3885.60
3902.90
3874.70
3906.70
3921.20
3930.40
3903.10
3914.00
3915.90
3922.00
3885.00
3931.30
3918.50
3933.60
3900.40
3932.60
3939.60
3950.40
3923.80
3934.80
3911.70
3937.20
3905.80
3916.40
3916.40
3926.00
3890.40
3909.90
3920.80
3931.50
3884.90
3911.20
3910.50
3918.30
3902.60
3915.60
3892.60
3915.80
3892.60
3886.80
3878.30
3894.60
3874.90
3871.70
3836.70
3872.40
3836.70
3830.20
3840.30
3847.50
3816.70
3826.30
3791.80
3843.10
3791.80
3773.90
3731.20
3784.30
3725.60
3714.20
3778.10
3778.10
3694.10
3787.40
3755.80
3830.50
3755.80
3750.80
3836.80
3836.80
3732.50
3849.60
3863.00
3870.90
3847.80
3855.40
3851.70
3859.20
3797.20
3841.50
3844.20
3852.30
3830.40
3853.10
3857.50
3861.40
3845.10
3851.80
3816.20
3859.80
3816.20
3798.90
3781.90
3804.50
3780.40
3768.20
3788.70
3788.70
3749.60
3795.50
3815.00
3823.60
3792.90
3809.80
3802.20
3821.00
3791.50
3801.20
3801.60
3810.80
3776.50
3799.60
3803.10
3817.90
3789.00
3824.70
3815.10
3826.70
3783.60
3803.80
3764.70
3811.60
3764.70
3748.10
3712.20
3783.00
3705.30
3726.90
3698.00
3737.80
3695.10
3700.70
3764.60
3770.00
3662.70
3756.10
3733.30
3760.20
3726.90
3732.00
3736.20
3744.60
3730.20
3727.00
3750.00
3756.10
3723.30
3735.40
3723.00
3740.50
3723.00
3703.10
3694.00
3703.80
3689.30
3690.00
3693.40
3711.20
3689.30
3687.30
3698.10
3698.30
3676.20
3694.90
3684.30
3702.90
3636.50
3709.40
3722.40
3726.70
3685.80
3722.50
3713.70
3725.10
3710.90
3701.20
3696.20
3711.30
3688.60
3694.60
3666.40
3695.30
3659.60
3647.50
3675.30
3697.60
3645.80
3663.50
3656.10
3665.90
3633.40
3668.10
3659.10
3678.50
3645.20
3672.80
3706.00
3712.40
3660.50
3702.20
3683.10
3708.40
3678.80
3692.00
3694.70
3697.40
3678.90
3699.10
3670.90
3699.20
3670.90
3666.70
3668.30
3682.70
3657.20
3669.00
3653.80
3671.00
3644.80
3662.40
3645.90
3678.40
3645.90
3621.60
3634.20
3634.20
3594.40
3638.30
3638.60
3644.30
3629.30
3629.70
3635.50
3635.50
3617.80
3635.40
3594.50
3642.30
3594.50
3577.60
3566.80
3589.80
3552.80
3557.50
3579.30
3581.20
3556.80
3581.90
3559.40
3585.20
3543.80
3567.80
3612.10
3619.10
3567.30
3609.50
3610.30
3623.10
3588.70
3626.90
3600.20
3628.50
3600.20
3585.20
3552.60
3593.70
3552.60
3537.00
3562.70
3569.00
3518.60
3572.70
3563.20
3581.20
3557.00
3545.50
3543.30
3557.20
3511.90
3550.50
3583.00
3646.00
3547.50
3509.40
3508.30
3521.60
3484.30
3510.40
3485.70
3529.10
3485.70
3443.40
3406.50
3486.20
3405.20
3369.20
3336.20
3389.50
3336.20
3310.20
3296.20
3330.10
3279.70
3270.00
3293.60
3304.90
3233.90
3310.10
3277.20
3341.10
3259.80
3271.00
3342.50
3342.50
3268.90
3390.70
3403.20
3409.50
3388.70
3401.00
3441.40
3441.40
3364.90
3465.40
3464.90
3466.50
3440.40
3453.50
3438.50
3460.50
3415.30
3435.60
3439.90
3464.90
3433.10
3443.10
3439.40
3476.90
3435.70
3426.90
3493.70
3502.40
3419.90
3483.80
3493.50
3515.80
3480.40
3483.30
3453.70
3489.10
3440.90
3488.70
3515.50
3527.90
3480.60
3511.90
3534.00
3534.00
3500.90
3534.20
3500.00
3549.80
3499.60
3477.10
3459.70
3482.30
3458.10
3446.80
3434.30
3447.30
3428.20
3419.40
3384.60
3426.30
3384.60
3360.90
3408.70
3431.60
3354.50
3408.60
3367.30
3409.60
3367.30
3348.40
3338.90
3369.10
3323.70
3380.80
3385.90
3397.20
3361.40
3363.00
3341.20
3393.60
3340.50
3335.50
3350.90
3357.90
3327.50
3351.60
3333.90
3360.70
3332.90
3298.50
3236.70
3306.90
3228.40
3246.60
3226.10
3278.70
3209.40
3236.90
3320.10
3323.30
3232.60
3315.60
3295.80
3320.30
3270.90
3281.10
3285.60
3285.60
3229.10
3319.50
3357.40
3362.30
3292.40
3357.00
3346.90
3375.20
3328.80
3385.50
3411.20
3428.90
3384.40
3401.20
3407.70
3419.50
3389.20
3383.50
3363.60
3402.90
3363.60
3341.00
3352.70
3368.90
3310.50
3339.20
3412.60
3425.60
3329.20
3399.00
3369.80
3424.80
3366.80
3331.80
3371.90
3380.00
3329.30
3427.00
3453.60
3479.20
3349.60
3455.10
3564.70
3564.80
3427.40
3580.80
3543.80
3588.10
3535.20
3526.70
3507.40
3528.00
3494.60
3500.30
3509.70
3514.80
3493.20
3508.00
3494.70
3509.20
3484.30
3484.60
3485.10
3501.40
3468.30
3478.70
3450.00
3481.10
3444.20
3443.60
3435.90
3444.20
3425.80
3431.30
3418.10
3432.10
3413.10
3397.20
3386.00
3400.00
3379.30
3385.50
3360.50
3390.80
3354.70
3374.80
3392.50
3399.50
3369.70
3389.80
3387.00
3395.10
3370.20
3382.00
3380.90
3387.60
3379.20
3372.80
3368.70
3378.50
3361.60
3373.40
3372.90
3387.20
3363.30
3380.30
3355.50
3387.90
3355.50
3333.70
3370.30
3381.00
3326.40
3360.50
3356.00
3363.30
3335.40
3351.30
3340.10
3352.50
3328.70
3349.20
3323.20
3351.00
3318.10
3327.80
3317.40
3330.80
3317.40
3306.50
3289.90
3306.80
3286.40
3294.60
3288.30
3302.70
3284.50
3271.10
3270.40
3272.20
3220.30
3246.20
3231.80
3250.90
3204.10
3258.40
3227.20
3264.70
3227.20
3218.40
3234.30
3243.70
3216.20
3239.40
3219.80
3241.40
3214.20
3215.60
3218.60
3227.30
3200.10
3235.70
3271.60
3280.00
3222.70
3276.00
3254.90
3279.30
3253.10
3257.30
3268.50
3277.30
3247.80
3251.80
3224.30
3258.60
3215.20
3224.70
3224.20
3233.50
3205.70
3215.60
3208.40
3220.40
3198.60
3226.60
3226.00
3238.30
3200.80
3197.50
3141.10
3200.90
3127.70
3155.20
3205.10
3235.30
3149.40
3185.00
3152.50
3186.80
3136.20
3152.10
3176.20
3179.80
3115.70
3169.90
3153.10
3171.80
3136.50
3145.30
3166.40
3184.20
3142.90
3179.70
3155.30
3182.60
3155.30
3130.00
3143.60
3165.80
3124.50
3115.90
3105.90
3128.40
3101.20
3100.30
3050.20
3111.50
3047.80
3053.20
3018.60
3053.90
2999.70
3009.10
3073.20
3073.70
3004.60
3083.80
3046.60
3086.20
3024.00
3050.30
3114.40
3115.00
3032.10
3131.30
3138.70
3154.90
3127.10
3117.90
3094.40
3120.90
3079.40
3097.70
3140.30
3155.50
3083.10
3115.30
3101.60
3120.00
3093.50
3113.50
3136.10
3141.20
3108.00
3124.70
3131.00
3153.40
3076.10
3066.60
2993.80
3079.80
2965.70
3041.30
3071.00
3088.40
2984.50
3002.10
3123.50
3123.50
2999.50
3190.10
3213.40
3223.30
3181.50
3207.20
3213.30
3222.70
3193.10
3232.40
3199.90
3233.10
3196.00
3193.90
3163.80
3211.70
3163.80
3112.30
3111.60
3128.90
3090.40
3122.90
3098.90
3130.90
3098.90
3080.80
3064.80
3081.10
3051.60
3055.70
3038.80
3062.20
3031.50
3044.30
3025.20
3049.20
2998.60
3029.70
3046.60
3068.70
3023.40
3036.10
3015.70
3036.20
2969.80
2991.80
3004.10
3021.70
2988.20
2955.40
2948.10
2956.80
2933.60
2948.50
2969.90
2978.50
2938.60
2971.60
2953.60
2980.30
2953.60
2922.90
2948.60
2964.20
2922.30
2953.90
2913.90
2968.10
2913.90
2863.70
2829.90
2865.00
2816.80
2852.50
2794.50
2852.80
2766.60
2820.00
2865.90
2874.10
2793.20
2870.10
2939.50
2945.80
2869.60
2930.30
2915.50
2944.20
2903.40
2929.80
2908.80
2932.20
2902.90
2881.20
2878.30
2901.90
2876.50
2848.40
2883.10
2891.10
2847.70
2868.40
2868.90
2898.20
2863.60
2842.70
2815.00
2844.20
2797.80
2830.70
2869.10
2869.10
2821.60
2912.40
2930.90
2930.90
2892.50
2939.50
2918.50
2954.90
2912.20
2863.40
2910.00
2921.20
2860.70
2878.50
2854.70
2887.70
2852.90
2836.70
2812.60
2842.70
2791.80
2797.80
2810.40
2844.90
2794.30
2799.30
2787.90
2815.10
2775.90
2736.60
2784.80
2785.50
2727.10
2823.20
2845.60
2869.00
2820.40
2874.60
2842.40
2879.20
2830.90
2799.60
2799.30
2806.50
2764.30
2783.40
2795.60
2801.90
2761.50
2846.10
2805.10
2851.80
2805.10
2761.60
2782.50
2782.50
2721.20
2789.80
2777.00
2818.60
2762.40
2750.00
2685.00
2760.80
2663.30
2659.40
2738.70
2756.90
2657.70
2663.70
2578.30
2676.80
2574.60
2488.70
2514.90
2538.20
2460.00
2526.90
2458.50
2533.20
2455.80
2470.50
2498.10
2522.80
2447.50
2584.60
2614.70
2641.40
2571.20
2626.70
2559.00
2631.80
2545.30
2541.50
2555.90
2615.90
2520.00
2630.10
2501.30
2637.00
2500.70
2475.60
2457.80
2571.40
2407.50
2447.30
2344.40
2449.70
2344.40
2237.40
2290.70
2300.70
2191.90
2304.90
2431.90
2453.00
2295.60
2409.40
2393.50
2467.00
2319.80
2398.10
2436.50
2453.60
2280.50
2529.20
2425.70
2553.90
2367.00
2386.10
2508.60
2563.00
2380.90
2711.00
2570.00
2711.30
2492.40
2480.60
2630.90
2660.90
2478.90
2741.40
2825.60
2825.60
2707.20
2882.20
2813.50
2882.60
2734.00
2746.60
2863.90
2863.90
2734.40
2972.40
2954.20
2985.90
2901.50
3023.90
3075.70
3083.00
2999.80
3130.10
3045.80
3131.00
3034.40
3003.40
3096.50
3136.70
2976.60
3090.20
2974.30
3091.00
2945.20
2954.20
2916.90
2959.70
2855.80
2978.80
3062.50
3097.10
2977.40
3116.40
3139.90
3182.50
3109.00
3128.20
3238.90
3247.00
3118.80
3225.90
3257.60
3259.80
3214.70
3337.80
3360.50
3360.80
3328.40
3373.20
3380.40
3389.20
3341.00
3386.20
3380.40
3393.50
3378.80
3370.30
3369.00
3375.00
3355.60
3380.20
3378.10
3380.70
3366.20
3373.90
3365.90
3385.10
3360.50
3379.40
3370.50
3381.50
3369.70
3357.80
3365.90
3375.60
3352.70
3352.10
3318.30
3352.30
3317.80
3327.70
3335.50
3341.40
3322.10
3345.80
3344.90
3348.00
3334.40
3334.70
3324.90
3337.60
3313.80
3297.60
3280.60
3306.90
3280.60
3248.90
3235.70
3268.40
3235.70
3225.50
3282.30
3282.30
3214.70
3283.70
3256.40
3285.90
3242.80
3273.40
3289.50
3293.50
3271.90
3276.20
3255.30
3285.80
3253.20
3243.60
3247.20
3258.80
3234.50
3295.50
3333.10
3333.20
3281.50
3325.50
3315.80
3326.90
3301.90
3321.80
3330.00
3337.80
3320.00
3320.80
3321.00
3329.80
3316.60
3329.60
3323.70
3329.90
3318.90
3316.80
3303.00
3317.10
3302.80
3289.30
3282.30
3298.70
3280.70
3283.20
3285.30
3294.20
3277.20
3288.10
3271.10
3288.10
3268.40
3265.30
3281.80
3283.00
3260.90
3274.70
3266.00
3275.60
3263.70
3253.10
3238.60
3267.10
3236.70
3237.20
3241.90
3244.90
3232.40
3246.30
3217.60
3246.80
3214.60
3234.80
3226.40
3246.20
3222.30
3257.80
3244.70
3258.10
3235.50
3230.80
3215.20
3231.70
3212.00
3221.30
3240.10
3240.90
3216.60
3240.00
3247.20
3247.90
3234.40
3239.90
3227.20
3240.10
3227.20
3223.40
3225.40
3226.40
3220.50
3224.00
3226.10
3227.80
3222.30
3221.20
3223.30
3225.70
3216.00
3205.40
3192.30
3205.50
3192.30
3191.10
3195.20
3198.50
3191.10
3192.50
3195.40
3198.20
3191.00
3191.40
3183.60
3197.70
3183.60
3168.80
3166.70
3182.70
3156.50
3168.60
3141.20
3176.30
3138.50
3141.60
3135.80
3144.00
3133.20
3132.50
3135.40
3142.10
3126.10
3136.00
3141.90
3148.90
3135.50
3145.90
3134.60
3150.60
3134.60
3117.40
3119.20
3119.40
3103.80
3112.80
3103.50
3119.40
3102.50
3093.20
3087.40
3095.00
3070.30
3113.90
3143.80
3144.30
3110.80
3141.00
3147.20
3150.30
3139.30
3153.60
3145.50
3154.30
3143.40
3140.50
3134.80
3142.70
3131.00
3133.60
3117.40
3133.80
3117.40
3110.30
3111.40
3112.90
3099.30
3103.50
3108.50
3110.10
3094.60
3108.50
3114.70
3119.00
3091.40
3120.20
3127.40
3127.60
3113.50
3122.00
3117.90
3124.20
3112.10
3120.50
3107.90
3120.50
3104.60
3096.60
3090.80
3098.20
3083.30
3094.00
3084.20
3098.10
3078.80
3091.80
3089.30
3102.60
3084.70
3087.00
3080.30
3088.30
3075.80
3093.10
3081.20
3093.10
3073.60
3085.20
3087.00
3097.80
3080.20
3076.80
3075.10
3078.30
3065.90
3074.60
3080.80
3083.90
3072.20
3078.30
3079.00
3085.20
3074.90
3066.90
3050.70
3066.90
3050.70
3037.60
3046.90
3046.90
3023.20
3046.80
3039.70
3050.10
3026.00
3036.90
3035.40
3047.90
3034.80
3039.40
3032.10
3044.10
3032.10
3022.60
3003.30
3027.40
3001.90
3010.30
3014.80
3016.10
3000.40
3004.50
2994.00
3004.80
2991.20
2996.00
3010.70
3014.60
2995.00
3006.70
2996.50
3007.30
2995.30
2986.20
2996.80
3000.00
2976.30
2997.90
3000.80
3008.30
2991.80
2989.70
2989.70
2997.50
2985.20
2995.70
2973.60
3003.30
2973.60
2966.20
2965.80
2972.80
2962.90
2970.30
2963.10
2993.30
2963.10
2938.10
2918.60
2948.50
2917.10
2919.40
2911.10
2929.30
2907.40
2893.10
2920.40
2925.50
2892.70
2938.80
2944.20
2959.80
2935.70
2952.00
2918.60
2953.70
2918.60
2910.60
2885.40
2911.10
2855.90
2887.60
2924.80
2924.80
2874.90
2940.20
2983.70
2992.50
2938.70
2976.70
2967.10
2983.80
2967.10
2961.80
2985.50
2987.30
2945.50
2977.60
2985.70
2987.30
2963.70
2984.90
2968.30
2989.80
2952.90
2966.60
3002.40
3008.00
2957.70
2991.80
2983.50
2999.20
2982.20
2992.10
3008.40
3016.40
2984.70
3006.80
3010.40
3022.00
3003.20
3006.70
3001.50
3007.80
2978.60
3005.70
2995.70
3006.20
2993.70
2998.00
2996.40
3002.20
2990.70
3007.40
3012.20
3017.30
3002.90
3009.60
3009.10
3020.70
3000.90
3000.90
2981.40
3000.90
2975.30
2979.40
2971.00
2979.40
2957.00
2978.40
2988.40
2989.40
2969.40
2978.70
2980.30
2985.00
2972.50
2976.00
2960.60
2985.90
2960.60
2937.80
2924.70
2938.80
2921.90
2906.30
2909.00
2914.40
2891.80
2926.50
2937.10
2940.40
2913.30
2924.60
2910.40
2930.50
2905.70
2887.90
2861.30
2890.00
2853.10
2869.20
2893.10
2898.80
2860.60
2878.40
2866.70
2879.30
2856.00
2847.10
2911.10
2927.00
2835.00
2922.90
2930.90
2939.10
2904.50
2924.40
2922.00
2928.70
2917.90
2900.50
2919.00
2923.60
2899.60
2923.70
2913.50
2931.00
2913.50
2888.70
2864.70
2893.60
2864.70
2847.60
2846.20
2856.70
2825.50
2840.60
2894.20
2894.20
2839.60
2926.30
2880.70
2943.30
2877.10
2883.80
2907.10
2907.60
2873.10
2918.70
2930.50
2935.80
2900.20
2938.10
2896.20
2938.70
2894.50
2884.00
2858.70
2892.20
2825.70
2881.80
2861.20
2884.40
2847.40
2844.70
2898.10
2898.10
2822.10
2932.10
2943.90
2945.50
2914.10
2953.60
2980.30
3013.60
2945.20
2980.40
3016.20
3017.40
2958.10
3013.20
3007.70
3017.20
3000.90
3021.00
3024.50
3025.60
3014.30
3025.90
3013.20
3028.00
3012.60
3003.70
3016.30
3016.30
2997.20
3019.60
2998.80
3019.60
2996.80
3005.50
2994.70
3005.90
2988.60
2985.00
2981.90
2990.70
2976.70
2976.60
3004.30
3006.00
2975.90
2995.10
2978.90
2998.30
2973.10
2984.40
3005.10
3005.30
2984.20
3004.00
3012.10
3015.00
3001.20
3014.30
3017.80
3017.80
3008.80
3013.80
3003.40
3013.90
3001.90
2999.90
2999.60
3002.30
2988.80
2993.10
2989.30
3003.00
2984.60
2979.60
2965.50
2981.90
2963.40
2975.90
2979.80
2980.80
2970.10
2990.40
2984.20
2994.00
2968.00
2995.80
2978.10
2995.80
2978.00
2973.00
2964.70
2973.20
2955.90
2964.30
2971.40
2977.90
2952.20
2941.80
2932.90
2944.00
2929.10
2924.90
2919.70
2929.30
2918.60
2913.80
2926.10
2932.60
2913.00
2917.40
2945.80
2946.50
2916.00
2945.30
2951.40
2954.90
2944.10
2950.50
2952.70
2964.20
2946.90
2954.20
2949.60
2958.10
2931.50
2926.50
2920.60
2931.70
2911.40
2917.80
2906.70
2930.80
2905.40
2889.70
2889.80
2897.30
2887.30
2887.00
2886.80
2894.40
2879.60
2891.60
2886.20
2895.20
2882.00
2879.80
2882.70
2888.60
2874.70
2885.70
2903.30
2910.60
2878.50
2886.70
2885.80
2904.80
2885.50
2873.30
2852.90
2885.00
2852.90
2843.50
2828.50
2852.10
2822.40
2826.20
2818.10
2827.30
2800.90
2803.30
2762.60
2804.50
2762.60
2744.40
2751.50
2763.10
2728.80
2752.10
2766.20
2769.00
2750.50
2788.90
2786.90
2799.00
2776.70
2783.00
2790.20
2792.00
2766.10
2802.40
2830.00
2840.50
2801.60
2826.10
2832.40
2841.40
2820.20
2822.20
2836.70
2836.70
2805.50
2856.30
2856.10
2865.50
2851.10
2864.40
2854.00
2868.90
2854.00
2840.20
2841.90
2853.90
2831.30
2859.50
2858.60
2885.50
2854.20
2876.30
2855.80
2892.20
2855.80
2851.00
2820.40
2858.70
2815.10
2834.40
2820.10
2852.50
2820.10
2811.90
2840.20
2840.20
2801.40
2881.40
2863.10
2891.30
2825.40
2870.70
2859.80
2876.00
2836.40
2879.40
2879.60
2898.00
2873.30
2884.10
2913.00
2913.00
2862.60
2932.50
2908.90
2937.30
2898.20
2945.60
2929.20
2947.80
2929.20
2917.50
2922.20
2931.70
2900.50
2923.70
2952.30
2954.10
2923.40
2945.80
2937.10
2948.20
2924.10
2943.00
2940.60
2949.50
2939.30
2939.90
2925.80
2939.90
2917.60
2926.20
2929.00
2933.10
2912.80
2927.20
2934.00
2936.80
2926.10
2933.70
2910.00
2936.30
2908.50
2908.00
2898.80
2909.50
2896.30
2905.00
2904.80
2908.40
2891.90
2900.40
2916.00
2918.00
2895.40
2907.10
2912.30
2916.10
2900.70
2905.60
2908.30
2909.60
2896.50
2907.40
2900.90
2910.50
2898.40
2888.30
2891.90
2893.40
2882.00
2888.20
2881.40
2889.70
2879.10
2878.20
2886.60
2886.90
2873.30
2895.80
2888.50
2895.90
2880.80
2892.70
2884.20
2893.20
2883.00
2879.40
2874.00
2881.30
2867.10
2873.40
2876.10
2885.20
2865.20
2867.20
2868.20
2872.90
2858.80
2867.20
2848.60
2869.40
2848.60
2834.40
2828.30
2836.00
2819.20
2815.40
2809.40
2819.70
2798.80
2805.40
2819.70
2825.60
2787.70
2818.50
2812.70
2829.90
2804.00
2798.40
2796.00
2809.80
2785.00
2800.70
2844.50
2846.20
2800.50
2854.90
2819.70
2860.30
2817.40
2824.20
2831.30
2843.50
2812.40
2832.60
2840.80
2852.40
2823.30
2832.90
2822.60
2835.40
2822.00
2822.50
2810.80
2830.70
2810.80
2808.50
2810.40
2815.00
2803.50
2810.90
2799.80
2821.20
2799.80
2791.50
2787.30
2798.30
2786.70
2783.30
2747.60
2784.00
2747.60
2743.10
2730.80
2744.10
2722.30
2748.90
2766.50
2767.20
2739.10
2771.40
2790.30
2790.30
2768.70
2789.70
2794.40
2796.40
2783.00
2792.80
2814.40
2816.90
2767.70
2803.70
2798.20
2808.00
2787.40
2784.50
2788.10
2793.70
2782.50
2792.40
2787.50
2795.80
2775.10
2793.90
2792.40
2803.10
2789.50
2796.10
2804.30
2813.50
2795.00
2792.70
2780.70
2794.20
2779.10
2774.90
2780.20
2781.60
2764.60
2784.70
2779.10
2789.90
2774.10
2779.80
2769.30
2787.30
2767.30
2775.60
2760.20
2775.70
2760.20
2745.70
2743.50
2757.90
2731.20
2753.00
2750.30
2761.80
2748.60
2744.70
2722.60
2748.20
2722.60
2709.80
2712.40
2718.10
2703.80
2707.90
2692.40
2708.10
2681.80
2706.10
2717.50
2719.30
2687.30
2731.60
2735.10
2738.10
2724.20
2737.70
2728.30
2739.00
2724.00
2724.90
2706.50
2725.00
2698.80
2706.50
2702.30
2716.70
2696.90
2704.10
2685.50
2708.90
2678.70
2681.10
2653.60
2690.40
2648.30
2640.00
2644.90
2650.90
2631.10
2643.80
2645.00
2645.00
2624.10
2664.80
2657.40
2672.40
2657.30
2642.30
2638.80
2647.20
2627.00
2638.70
2643.50
2653.20
2612.90
2632.90
2657.90
2657.90
2617.30
2670.70
2651.30
2675.50
2647.60
2636.00
2609.30
2645.10
2606.40
2616.10
2614.80
2625.80
2612.70
2610.30
2585.10
2613.10
2585.10
2582.60
2580.30
2589.30
2570.40
2596.30
2588.10
2596.30
2577.40
2596.60
2573.50
2597.80
2562.00
2585.00
2580.00
2595.30
2568.90
2574.40
2568.10
2579.80
2547.60
2549.70
2535.60
2566.20
2524.60
2531.90
2474.30
2538.10
2474.30
2447.90
2491.90
2493.10
2444.00
2510.00
2477.00
2519.50
2467.50